HD249936		Ivan		05 56 35.9357			+23 14 14.058	       186.1573	       -00.7973		 2.01 SIM 1.95 DR2
HIP28216		Swagata		05 57 42.39057			+22 31 56.4706	       186.8952	       -0.93		 2.82
TYC1863-858-1		Eden		05 57 27.6599			+24 04 31.785	       185.5312	       -00.2061		 2.13
TYC1868-281-1		Caroline	06 00 17.5038			+24 40 38.419	       185.3311	       +00.6528		 3.89 SIM
TYC1864-1748-1		Kristy		06 03 49.1028			+23 42 03.938	       186.5773	       +00.8699		 3.13
HD251551		Myank		06 06 35.5267			+24 10 03.21	       186.4805	       +01.6508		 4.69
HD252080		Ben		06 08 18.0350			+22 30 03.439	       188.1281	       +01.1834		 5.85 SIM 4.81 DR2
HD252993		Steven		06 11 47.9105			+25 04 41.166	       186.2544	       +03.1267		 7.13
TYC742-1679-1		Christopher	06 11 49.2729			+14 15 22.069	       195.7521	       -02.0674		 8.41
HD254085		Rebecca		06 15 37.6730			+12 46 29.660	       197.4964	       -01.9622		 6.75
TYC739-1501-1		Sanjana		06 18 16.9250			+12 20 31.864	       198.1849	       -1.5973		 6.43 DR2
TYC739-1210-1		Lizvette	06 20 31.074			+12 15 22.16	       198.5187	       -01.1564		 9.98 DR2
HD255705		Armen		06 21 27.2117			+14 11 36.251	       196.9167	       -0.0434		 6.69
HD256380		Griffin		06 23 39.0447			+13 14 1.215	       198.0146	       -0.0228		 2.25
HD256422		Rehan		06 23 46.3070			+12 19 37.501	       198.8294	       -0.4214		 4.06 DR2
HD256736		Paul		06 24 51.1153			+13 12 24.238	       198.1752	       +00.2229		 6.35
